0,29.207,69.716,59.306,13.084,17.079,19.472,34.6,17.742,20.493,20.369,16.721,23.189,20.318,9.1194,11.907,34.47,5.6376,14.852,6.4484,5.1735,2.8978,3.6091,6.6763,3.3881,6.9087,4.3923,4.3829,3.6569,4.4426,2.3371,2.1012,5.8625,2.5989,3.1489,3.1699,4.9415,2.3812,1.5665,3.1542,3.6468,6.4548,3.6643,0.7917,2.881,3.1366,4.1405,1.5705,2.3391,4.157,4.1501,4.6363,2.3529,2.3834,2.6479,1.8508,2.0825,1.5661,0.8067,1.0613,3.3675,1.3084,4.1593,1.5828,1.0584,2.6259,0.8023,0.5322,4.1501,1.0534,0.5407,2.3444,1.5807,0.5292,2.3653,1.0727,4.1613,1.5633,3.9059,5.6616,2.1163,1.3227,1.5734,1.0734,1.8455,1.575,1.5721,0.5226,2.9118,0.5379,1.8334,1.3245,1.829,2.1193,0.2666,2.6173,1.5888,1.0646,0.5245,2.9041,1.0555,0.7977,1.3144,0.7851,1.3192,0.7909,0.5238,0.7789,0.7944,1.5914,0.5154,2.12,1.0702,0.7932,1.0587,1.5669,0.264,0.5386,1.0699,1.322,0.7989,0.7819,2.0947,0.8023,0.7834,0.7847,0,0.791,1.0425,0.5264,1.0604,0.8041,0.7833,0.2666,0.5213,0.5371,0.2672,0.269,0.7844,0.2605,1.0659,0.5322,0.5362,1.3376,0.55,0.7986,1.5756,0.5243,0,0.2596,0.258,1.0685,0,0.7959,1.333,0,1.0581,0,1.0599,0.8142,0.7738,0,0.795,0.2711,0.8013,0.2658,0,1.0539,0.2564,0.7975,0.5253,0,0,0,0,0,0.2569,0.2629,1.851,0.2565,0.2559,0.265,0.2635,0,0.2702,0,0,0.2617,0.8052,0,0.8048,0.2689,0.526,0.5288,0.5261,1.0547,1.0496,0.5184,0.5347,0.2675,0,0.2615,0,0.5253,0.2695,0.2511,0,1.0716,1.3086,0.2612,0.7872,0.2599,0.2636,0.5278,0.2726,0,0.2646,0.5374,0,0,0.2583,0.2681,0.7875,0,0,0.5295,0.5388,0.2669,1.0423,0.5275,0,0,0.2677,0.7854,0,0.2649,0.8069,0.2625,0,0.5359,0.5229,0.7869,0.8063
29.207,0,31.615,27.259,6.2964,8.1481,9.2406,16.195,8.4597,9.7437,9.6325,7.9451,11.021,9.6561,4.3775,5.7245,16.113,2.7339,7.1132,3.1008,2.516,1.4162,1.7387,3.2187,1.6349,3.3128,2.1332,2.1311,1.7601,2.1535,1.137,1.0197,2.833,1.2667,1.5238,1.5354,2.3729,1.1317,0.7455,1.5368,1.7468,3.0982,1.7667,0.3783,1.3876,1.5143,2.0046,0.7775,1.153,2.0026,2.001,2.2506,1.1452,1.1499,1.2667,0.8984,1.0201,0.7445,0.3963,0.5294,1.639,0.6406,2.0234,0.7657,0.5161,1.2532,0.393,0.2588,2.0087,0.5192,0.2659,1.1424,0.7715,0.2556,1.1511,0.5272,2.0122,0.7647,1.906,2.7131,1.0144,0.6505,0.7614,0.5223,0.898,0.7762,0.7578,0.2594,1.395,0.2567,0.8816,0.6432,0.878,1.0331,0.1278,1.2661,0.7617,0.5083,0.2546,1.3878,0.5092,0.3849,0.6378,0.3837,0.6456,0.378,0.2554,0.3803,0.3851,0.7591,0.2456,1.0015,0.5093,0.3803,0.5164,0.7494,0.1225,0.2638,0.5234,0.6302,0.3848,0.3836,1.0026,0.4015,0.3825,0.3796,0,0.38,0.5024,0.2541,0.509,0.3926,0.3756,0.1334,0.2556,0.2569,0.1265,0.1264,0.3775,0.1253,0.5129,0.257,0.2549,0.6359,0.2563,0.3906,0.7637,0.2645,0,0.1253,0.1305,0.5162,0,0.3913,0.6499,0,0.5102,0,0.505,0.4027,0.3759,0,0.3821,0.1357,0.3762,0.1285,0,0.5253,0.1256,0.3858,0.2612,0,0,0,0,0,0.1242,0.1254,0.8832,0.1264,0.1221,0.1248,0.1277,0,0.1281,0,0,0.1339,0.3874,0,0.3833,0.1318,0.2527,0.257,0.2498,0.5225,0.5174,0.2591,0.2499,0.136,0,0.1282,0,0.2542,0.1254,0.1239,0,0.5084,0.6452,0.1289,0.3892,0.123,0.1253,0.2434,0.1332,0,0.1311,0.2588,0,0,0.1237,0.1312,0.3902,0,0,0.2533,0.2556,0.1325,0.5069,0.2574,0,0,0.1263,0.373,0,0.1268,0.3825,0.13,0,0.2531,0.2538,0.388,0.3948
69.716,31.615,0,64.405,14.136,18.462,21.058,37.437,19.122,22.152,21.886,18.049,25.1,21.95,9.8148,12.861,37.175,6.061,16.053,6.9367,5.5763,3.1134,3.9191,7.2064,3.6386,7.4346,4.7677,4.7236,3.9277,4.7698,2.5282,2.2811,6.334,2.8123,3.3571,3.4182,5.2967,2.5621,1.6833,3.401,3.9052,6.896,3.9324,0.8588,3.1189,3.3495,4.4812,1.7035,2.5439,4.4851,4.4624,5.0065,2.5548,2.553,2.848,1.9902,2.252,1.6781,0.854,1.1485,3.6326,1.421,4.4726,1.7047,1.154,2.8269,0.8631,0.5745,4.4484,1.1226,0.5834,2.5286,1.7169,0.5746,2.5464,1.1515,4.4761,1.6836,4.2241,6.0901,2.2829,1.4387,1.696,1.141,1.984,1.6946,1.6838,0.5653,3.133,0.5755,1.9777,1.4269,1.9764,2.2594,0.2904,2.8186,1.7047,1.1396,0.5624,3.0957,1.1472,0.8498,1.4144,0.8529,1.4208,0.8425,0.5732,0.8492,0.8488,1.703,0.5541,2.2839,1.1391,0.8621,1.1343,1.688,0.2722,0.5746,1.1469,1.4139,0.8584,0.8585,2.2614,0.8652,0.843,0.8483,0,0.8632,1.1197,0.5606,1.1328,0.8617,0.8506,0.2949,0.5698,0.5858,0.279,0.2858,0.8547,0.2813,1.1385,0.5656,0.575,1.4534,0.5746,0.8544,1.7152,0.5774,0,0.2823,0.2852,1.1455,0,0.8579,1.4111,0,1.1362,0,1.1378,0.8688,0.8427,0,0.8573,0.2907,0.8484,0.2847,0,1.1448,0.2911,0.8683,0.5717,0,0,0,0,0,0.2781,0.2826,1.9908,0.2878,0.2784,0.2839,0.2865,0,0.2861,0,0,0.295,0.8616,0,0.864,0.29,0.5649,0.5709,0.5563,1.1417,1.1288,0.5713,0.5707,0.2876,0,0.2771,0,0.5664,0.2836,0.2764,0,1.1614,1.4264,0.2806,0.8552,0.2762,0.2923,0.5614,0.2943,0,0.289,0.5787,0,0,0.283,0.2888,0.8627,0,0,0.5664,0.5826,0.2853,1.1297,0.5719,0,0,0.2892,0.8472,0,0.2891,0.8655,0.2809,0,0.5782,0.578,0.854,0.8619
59.306,27.259,64.405,0,12.208,15.998,18.12,32.063,16.506,19.111,18.908,15.508,21.606,18.899,8.477,11.094,32.013,5.279,13.823,5.958,4.8257,2.6931,3.3795,6.2204,3.1415,6.4092,4.1061,4.0853,3.3988,4.1257,2.1937,1.9736,5.4707,2.4348,2.9312,2.9504,4.5786,2.1988,1.4793,2.9412,3.3631,5.9607,3.4215,0.7322,2.7077,2.884,3.8699,1.4785,2.214,3.8654,3.86,4.3335,2.2047,2.2216,2.456,1.7154,1.9614,1.4392,0.7491,0.9984,3.1663,1.2367,3.8829,1.4791,0.98,2.4682,0.7461,0.4965,3.8707,0.982,0.5022,2.2245,1.4752,0.4883,2.2032,1.0094,3.8565,1.4619,3.6465,5.2596,1.9739,1.235,1.4643,0.9799,1.7173,1.4549,1.4668,0.4924,2.7009,0.4999,1.7193,1.2325,1.6978,1.9606,0.2504,2.4164,1.4827,0.9792,0.486,2.6974,0.9763,0.7384,1.2302,0.7261,1.2339,0.7424,0.4898,0.7414,0.7448,1.4715,0.4858,1.9567,0.9932,0.7531,0.9891,1.4677,0.2423,0.4968,0.9867,1.2369,0.7332,0.7285,1.9568,0.7458,0.7256,0.7318,0,0.7375,0.9715,0.4957,0.9867,0.7559,0.7463,0.2576,0.4963,0.4922,0.2486,0.2465,0.7513,0.2414,0.9803,0.4944,0.487,1.2472,0.5057,0.7427,1.4737,0.4998,0,0.2432,0.2468,0.9848,0,0.7471,1.2386,0,0.9766,0,0.9854,0.7535,0.7381,0,0.7396,0.254,0.7324,0.2451,0,0.9898,0.2461,0.7348,0.4993,0,0,0,0,0,0.2428,0.2451,1.7118,0.2488,0.2464,0.2402,0.2497,0,0.25,0,0,0.2495,0.7365,0,0.7571,0.2509,0.4963,0.4988,0.4862,0.9824,0.9901,0.4966,0.4879,0.2459,0,0.2451,0,0.4956,0.2513,0.2403,0,0.9989,1.2386,0.2448,0.7154,0.2353,0.2457,0.4833,0.2583,0,0.2465,0.4991,0,0,0.245,0.2469,0.7491,0,0,0.4996,0.4968,0.2489,0.9797,0.4912,0,0,0.2508,0.7321,0,0.2535,0.7509,0.2449,0,0.4993,0.4927,0.7508,0.7498
13.084,6.2964,14.136,12.208,0,3.7487,4.2689,7.3426,3.8464,4.4825,4.4068,3.6244,5.0171,4.4154,1.9878,2.6075,7.319,1.2588,3.2737,1.4231,1.1524,0.6448,0.8037,1.4899,0.743,1.5288,0.988,0.9757,0.7936,0.9785,0.5277,0.4719,1.3058,0.5912,0.6869,0.7226,1.0926,0.5174,0.3446,0.7184,0.8063,1.43,0.81,0.1768,0.6596,0.6924,0.9115,0.3565,0.529,0.9258,0.9178,1.0206,0.5303,0.5351,0.581,0.4138,0.4605,0.3525,0.177,0.237,0.7534,0.2906,0.9282,0.3536,0.2369,0.5934,0.1752,0.1196,0.9115,0.2426,0.1163,0.5381,0.3576,0.1199,0.5321,0.2349,0.9287,0.3531,0.8684,1.2559,0.4727,0.3036,0.3521,0.2325,0.4111,0.3569,0.3479,0.1151,0.6516,0.1226,0.4065,0.2973,0.4209,0.4663,0.06,0.5945,0.3648,0.2315,0.1148,0.644,0.2348,0.1813,0.2847,0.1792,0.2886,0.1774,0.1138,0.1783,0.1794,0.3446,0.1123,0.4732,0.2357,0.1714,0.2377,0.34,0.0591,0.1111,0.2378,0.2955,0.1847,0.1797,0.4638,0.1814,0.1779,0.1834,0,0.1788,0.2275,0.1181,0.2386,0.1794,0.1739,0.0606,0.1211,0.1231,0.0626,0.06,0.1799,0.0585,0.2354,0.1172,0.1169,0.298,0.1199,0.1673,0.3693,0.1168,0,0.0549,0.059,0.2417,0,0.1786,0.2967,0,0.2323,0,0.2411,0.1811,0.1767,0,0.1765,0.0613,0.1721,0.0619,0,0.2466,0.0579,0.1769,0.1174,0,0,0,0,0,0.0596,0.0594,0.4121,0.0607,0.0583,0.0561,0.0565,0,0.0596,0,0,0.0573,0.1764,0,0.1824,0.0605,0.119,0.1159,0.1232,0.2338,0.2235,0.1145,0.112,0.0591,0,0.0618,0,0.123,0.0616,0.0537,0,0.2371,0.2972,0.0573,0.1807,0.0553,0.0602,0.1165,0.0616,0,0.0577,0.1161,0,0,0.058,0.0605,0.1768,0,0,0.1206,0.1161,0.0618,0.2326,0.1204,0,0,0.0602,0.173,0,0.0569,0.1716,0.0577,0,0.1159,0.1221,0.1804,0.1802
17.079,8.1481,18.462,15.998,3.7487,0,5.4869,9.5895,5.0237,5.7855,5.7411,4.7652,6.5432,5.7368,2.6277,3.403,9.5559,1.6289,4.2544,1.8488,1.4915,0.8429,1.0411,1.9209,0.9765,1.9989,1.2942,1.2609,1.0678,1.2981,0.685,0.602,1.6665,0.7543,0.8989,0.9043,1.4132,0.6835,0.4515,0.9053,1.0593,1.8197,1.0681,0.2282,0.8361,0.905,1.1869,0.4588,0.6923,1.1868,1.2001,1.3479,0.6878,0.6891,0.7688,0.5309,0.6189,0.4498,0.2351,0.3053,0.9845,0.3871,1.1993,0.4627,0.3056,0.7566,0.235,0.1574,1.1933,0.3112,0.1507,0.6791,0.4556,0.1548,0.6909,0.3137,1.198,0.4521,1.1383,1.6117,0.6115,0.3829,0.4641,0.3008,0.5266,0.4526,0.4447,0.1515,0.8349,0.1566,0.514,0.3805,0.5417,0.6042,0.0778,0.7545,0.4617,0.3113,0.1484,0.8419,0.3088,0.2289,0.3791,0.2278,0.3804,0.2279,0.1435,0.2261,0.225,0.453,0.1481,0.6109,0.3079,0.2248,0.3096,0.4587,0.0722,0.1542,0.312,0.3816,0.2289,0.2292,0.6075,0.2299,0.2317,0.2286,0,0.2288,0.3032,0.1537,0.3033,0.2292,0.2233,0.0816,0.1501,0.1527,0.0773,0.0747,0.2322,0.0771,0.3049,0.1568,0.1593,0.3911,0.1605,0.2275,0.4609,0.1562,0,0.0742,0.0819,0.3056,0,0.2401,0.3841,0,0.3042,0,0.3005,0.241,0.2221,0,0.2255,0.0796,0.227,0.0783,0,0.3145,0.077,0.2301,0.1559,0,0,0,0,0,0.0724,0.0743,0.5206,0.0791,0.0771,0.0783,0.079,0,0.075,0,0,0.0759,0.2405,0,0.2432,0.0776,0.1479,0.1496,0.1471,0.3061,0.3035,0.1539,0.1564,0.0763,0,0.0742,0,0.1531,0.0774,0.0754,0,0.3117,0.3781,0.0778,0.2254,0.0757,0.0751,0.1454,0.0814,0,0.0738,0.1572,0,0,0.0775,0.0808,0.2325,0,0,0.1496,0.1558,0.0762,0.3069,0.1516,0,0,0.0742,0.2277,0,0.0782,0.2335,0.0711,0,0.1579,0.1528,0.2263,0.2345
19.472,9.2406,21.058,18.12,4.2689,5.4869,0,10.846,5.6508,6.5863,6.4928,5.3492,7.3834,6.4767,2.9494,3.8466,10.812,1.829,4.8051,2.1025,1.7072,0.9396,1.1793,2.2047,1.0901,2.265,1.4194,1.4396,1.2042,1.4456,0.7565,0.6918,1.9075,0.8563,1.0208,1.0452,1.608,0.7761,0.5114,1.0438,1.1881,2.0885,1.1975,0.2608,0.9625,1.0263,1.3562,0.5229,0.7861,1.3575,1.3647,1.5222,0.7759,0.7929,0.8618,0.6014,0.6854,0.5191,0.2689,0.3501,1.1054,0.4351,1.3701,0.5068,0.3435,0.873,0.2638,0.1738,1.3706,0.3394,0.1813,0.788,0.5173,0.1741,0.7821,0.3517,1.3574,0.5147,1.2747,1.8498,0.6838,0.4276,0.5153,0.3472,0.5961,0.5151,0.5221,0.1679,0.9535,0.1749,0.5988,0.4308,0.6049,0.6812,0.0867,0.8403,0.5186,0.3366,0.1652,0.9444,0.3444,0.2667,0.4337,0.2687,0.4388,0.2533,0.1667,0.2667,0.2615,0.5213,0.1722,0.6835,0.3514,0.2556,0.3517,0.5163,0.0874,0.1712,0.3468,0.4222,0.2655,0.258,0.6807,0.2553,0.2529,0.2637,0,0.2673,0.3415,0.169,0.3464,0.2721,0.2655,0.0853,0.1724,0.1788,0.0891,0.0851,0.2578,0.087,0.3466,0.1788,0.1701,0.4268,0.1765,0.2574,0.5189,0.1782,0,0.0817,0.0857,0.3533,0,0.2649,0.4432,0,0.3456,0,0.3422,0.2725,0.2568,0,0.2635,0.0909,0.2548,0.0865,0,0.3545,0.08,0.2721,0.1773,0,0,0,0,0,0.0825,0.0841,0.5943,0.089,0.087,0.0862,0.0838,0,0.087,0,0,0.0827,0.268,0,0.2575,0.0879,0.1782,0.1755,0.1667,0.34,0.3499,0.1734,0.1622,0.0861,0,0.0855,0,0.1703,0.086,0.0822,0,0.3538,0.4387,0.0869,0.2613,0.0863,0.0881,0.1762,0.0927,0,0.0848,0.1801,0,0,0.0845,0.0903,0.2671,0,0,0.1751,0.1693,0.0887,0.3586,0.1808,0,0,0.0846,0.2583,0,0.0889,0.2574,0.0851,0,0.1739,0.1749,0.2588,0.2632
34.6,16.195,37.437,32.063,7.3426,9.5895,10.846,0,9.8989,11.443,11.302,9.3402,12.954,11.297,5.14,6.6919,18.978,3.2043,8.3223,3.6385,2.9211,1.6384,2.0608,3.7595,1.9425,3.9241,2.5151,2.507,2.0574,2.5045,1.3329,1.2006,3.3295,1.4656,1.7829,1.7908,2.7774,1.3293,0.892,1.7857,2.0447,3.6095,2.0727,0.4401,1.6379,1.7556,2.3549,0.8836,1.3429,2.3714,2.3604,2.6104,1.3263,1.3479,1.5035,1.0502,1.1927,0.8844,0.453,0.6014,1.9237,0.7436,2.3542,0.9082,0.6134,1.4827,0.4497,0.3046,2.3617,0.599,0.3195,1.3453,0.8948,0.2987,1.3377,0.6149,2.3619,0.8913,2.2155,3.2138,1.1827,0.7542,0.8973,0.6032,1.0346,0.8906,0.8828,0.2942,1.6528,0.3061,1.0393,0.7604,1.0405,1.2003,0.1535,1.4955,0.9046,0.6092,0.2946,1.6243,0.5938,0.4363,0.7494,0.439,0.7524,0.4437,0.2941,0.4516,0.4533,0.9012,0.2926,1.1998,0.6084,0.4426,0.5918,0.8823,0.1552,0.2948,0.6187,0.7543,0.4517,0.4409,1.1792,0.4634,0.4445,0.4593,0,0.4521,0.5911,0.2973,0.5937,0.4555,0.4493,0.1515,0.3013,0.3057,0.1489,0.155,0.4486,0.1452,0.6023,0.3008,0.3014,0.7424,0.3117,0.4426,0.9075,0.3093,0,0.1466,0.1526,0.6047,0,0.4496,0.7491,0,0.6022,0,0.5854,0.4552,0.449,0,0.4481,0.151,0.4409,0.1508,0,0.6131,0.1439,0.4475,0.3018,0,0,0,0,0,0.1512,0.1479,1.0407,0.1495,0.1444,0.1522,0.1494,0,0.1516,0,0,0.1553,0.4461,0,0.4572,0.1539,0.2967,0.3089,0.3017,0.5973,0.5978,0.304,0.3023,0.151,0,0.1492,0,0.293,0.1533,0.1447,0,0.6063,0.7461,0.1502,0.4429,0.1427,0.1502,0.3015,0.153,0,0.1517,0.3085,0,0,0.1479,0.1536,0.4538,0,0,0.2997,0.3042,0.1484,0.5998,0.3032,0,0,0.1478,0.453,0,0.1517,0.4568,0.1438,0,0.3155,0.3013,0.4526,0.4614
17.742,8.4597,19.122,16.506,3.8464,5.0237,5.6508,9.8989,0,6.0023,5.9389,4.9059,6.774,5.9503,2.7155,3.5207,9.8776,1.6852,4.3554,1.9111,1.5336,0.8684,1.0878,2.0081,0.9997,2.0564,1.3172,1.3027,1.0804,1.3402,0.7072,0.6432,1.7469,0.7888,0.9443,0.9572,1.489,0.7073,0.4676,0.9559,1.0806,1.9163,1.0937,0.2387,0.8678,0.9355,1.2433,0.4675,0.7134,1.2494,1.2246,1.3945,0.7038,0.7164,0.7863,0.5533,0.6322,0.4656,0.2389,0.3161,1.0196,0.389,1.2421,0.4688,0.3189,0.7914,0.2369,0.1595,1.2265,0.317,0.1579,0.7098,0.4772,0.1536,0.7161,0.3223,1.2393,0.468,1.1765,1.677,0.6419,0.404,0.4676,0.3147,0.5449,0.4616,0.4742,0.1564,0.8646,0.1623,0.5504,0.3946,0.5649,0.6395,0.0817,0.7836,0.4582,0.3217,0.1541,0.8705,0.3186,0.2461,0.3995,0.2393,0.3962,0.2332,0.1541,0.2408,0.2375,0.4612,0.1577,0.631,0.3184,0.2427,0.3164,0.474,0.0811,0.1621,0.3184,0.4035,0.2414,0.2408,0.6252,0.2492,0.2367,0.2286,0,0.2395,0.3115,0.1597,0.3255,0.2419,0.2247,0.0829,0.1507,0.1652,0.0834,0.0795,0.2405,0.0775,0.3208,0.1595,0.1567,0.3997,0.1607,0.2314,0.4676,0.1572,0,0.0822,0.0736,0.3253,0,0.2381,0.3986,0,0.3107,0,0.3102,0.2485,0.2387,0,0.241,0.0842,0.2368,0.0834,0,0.3164,0.0785,0.2344,0.1599,0,0,0,0,0,0.0778,0.0786,0.5472,0.0796,0.078,0.076,0.0806,0,0.0776,0,0,0.085,0.2429,0,0.2424,0.0817,0.159,0.1624,0.1561,0.3097,0.3155,0.154,0.1529,0.0794,0,0.0795,0,0.1621,0.0816,0.0726,0,0.3207,0.3903,0.0785,0.2401,0.0776,0.0774,0.1561,0.0828,0,0.0776,0.161,0,0,0.08,0.0793,0.2411,0,0,0.1626,0.1623,0.0818,0.3175,0.1579,0,0,0.0769,0.2341,0,0.0811,0.2464,0.0822,0,0.1612,0.1598,0.2296,0.2465
20.493,9.7437,22.152,19.111,4.4825,5.7855,6.5863,11.443,6.0023,0,6.8739,5.6741,7.8345,6.8573,3.1204,4.0893,11.44,1.9402,5.0794,2.2291,1.7917,0.989,1.2365,2.2975,1.1697,2.3698,1.529,1.5118,1.2662,1.5075,0.811,0.7184,2.0215,0.8951,1.0954,1.077,1.6848,0.8023,0.5338,1.102,1.2628,2.1938,1.2485,0.273,0.9976,1.0667,1.4134,0.5426,0.8173,1.4127,1.417,1.5829,0.8103,0.8225,0.9146,0.6305,0.7298,0.5407,0.2721,0.3641,1.1623,0.4585,1.4513,0.5438,0.3717,0.9022,0.2726,0.1899,1.4397,0.3738,0.1838,0.8228,0.5425,0.1874,0.8216,0.3607,1.4308,0.5436,1.3551,1.9559,0.7285,0.454,0.5516,0.3665,0.6295,0.5379,0.5467,0.184,1.0004,0.184,0.632,0.4612,0.6297,0.733,0.0964,0.8961,0.5529,0.3719,0.1764,1.004,0.3642,0.2691,0.4494,0.2564,0.4463,0.2682,0.1813,0.2796,0.2712,0.5445,0.185,0.72,0.3797,0.2742,0.3617,0.5369,0.0907,0.1791,0.3677,0.4567,0.2797,0.2781,0.7218,0.2744,0.2713,0.2816,0,0.2683,0.3722,0.1808,0.3671,0.2805,0.2719,0.093,0.1873,0.1814,0.0909,0.0876,0.2634,0.0876,0.3603,0.1867,0.1808,0.4506,0.1822,0.2732,0.5397,0.178,0,0.0877,0.095,0.3619,0,0.2741,0.4595,0,0.3546,0,0.3627,0.2898,0.263,0,0.2655,0.0909,0.2743,0.0939,0,0.3793,0.0908,0.2833,0.1838,0,0,0,0,0,0.0853,0.0918,0.643,0.0878,0.0903,0.0933,0.0957,0,0.0925,0,0,0.0906,0.2749,0,0.2766,0.0924,0.1854,0.1867,0.1793,0.3619,0.3643,0.1799,0.177,0.0947,0,0.0911,0,0.1833,0.0905,0.0888,0,0.3677,0.4611,0.0926,0.2701,0.0881,0.0915,0.1792,0.0967,0,0.0891,0.1852,0,0,0.0916,0.094,0.2785,0,0,0.1793,0.1826,0.0884,0.3618,0.1883,0,0,0.0936,0.2734,0,0.0891,0.2765,0.0893,0,0.1806,0.1849,0.2768,0.2795
20.369,9.6325,21.886,18.908,4.4068,5.7411,6.4928,11.302,5.9389,6.8739,0,5.625,7.7659,6.799,3.0885,4.0465,11.278,1.9258,4.9877,2.214,1.7724,0.9821,1.2434,2.2475,1.134,2.3561,1.5247,1.4935,1.2511,1.5178,0.8013,0.7294,1.9946,0.8884,1.0773,1.0817,1.6721,0.8099,0.5332,1.0802,1.2286,2.1892,1.2516,0.27,0.9957,1.064,1.4287,0.5299,0.8142,1.4275,1.4176,1.5785,0.8151,0.8057,0.9058,0.6393,0.724,0.532,0.2717,0.353,1.1572,0.4518,1.4164,0.5369,0.3632,0.8937,0.27,0.1861,1.4265,0.3584,0.1834,0.8154,0.5424,0.1791,0.8227,0.3729,1.4287,0.5347,1.3536,1.9403,0.7206,0.4478,0.532,0.3655,0.6219,0.5298,0.5305,0.1716,0.9954,0.1849,0.6207,0.4553,0.6239,0.7257,0.0893,0.8985,0.542,0.3619,0.1809,0.9723,0.3704,0.269,0.4535,0.2737,0.4588,0.2693,0.1781,0.2693,0.2786,0.5441,0.185,0.7105,0.3633,0.2654,0.3497,0.5404,0.0913,0.1729,0.3653,0.4544,0.2659,0.2717,0.7212,0.2666,0.2714,0.2671,0,0.2704,0.3467,0.1789,0.3654,0.2763,0.2764,0.0944,0.1818,0.1894,0.0906,0.0942,0.2698,0.0845,0.3621,0.1891,0.1815,0.4463,0.1801,0.2731,0.5326,0.1825,0,0.0916,0.0938,0.362,0,0.2783,0.4506,0,0.3625,0,0.3581,0.2768,0.2661,0,0.2705,0.0915,0.2678,0.0935,0,0.3664,0.0926,0.2821,0.1893,0,0,0,0,0,0.0899,0.0881,0.6239,0.09,0.0876,0.0926,0.0936,0,0.0945,0,0,0.0944,0.2709,0,0.2668,0.0854,0.1798,0.1765,0.1753,0.3563,0.3519,0.1779,0.185,0.0912,0,0.0868,0,0.1814,0.0927,0.0905,0,0.3679,0.456,0.0894,0.2697,0.0879,0.0904,0.1817,0.0961,0,0.0893,0.1818,0,0,0.091,0.0939,0.2677,0,0,0.1792,0.1821,0.0898,0.361,0.1844,0,0,0.0902,0.2703,0,0.089,0.2794,0.0885,0,0.1815,0.1809,0.2779,0.2734
16.721,7.9451,18.049,15.508,3.6244,4.7652,5.3492,9.3402,4.9059,5.6741,5.625,0,6.4054,5.6268,2.5542,3.2969,9.3378,1.602,4.1126,1.8067,1.4493,0.8206,1.0238,1.8788,0.9458,1.9502,1.2451,1.2536,1.0291,1.2532,0.6557,0.5945,1.6424,0.7423,0.8851,0.8819,1.4007,0.6798,0.4438,0.8997,1.0222,1.8017,1.0331,0.2216,0.8217,0.8951,1.1803,0.4536,0.6707,1.1667,1.1632,1.2943,0.6708,0.6674,0.7427,0.52,0.5926,0.4406,0.2234,0.3018,0.9601,0.3749,1.166,0.4518,0.301,0.7399,0.2222,0.1484,1.1705,0.2914,0.1462,0.6781,0.4473,0.1574,0.6662,0.3007,1.1675,0.45,1.1107,1.5729,0.599,0.3731,0.4574,0.3053,0.5257,0.4344,0.4406,0.1505,0.8371,0.1471,0.5249,0.3812,0.5304,0.5921,0.0759,0.7412,0.4494,0.3007,0.1523,0.8171,0.2912,0.2277,0.3713,0.2285,0.3756,0.2254,0.1452,0.2244,0.2167,0.4417,0.1453,0.5993,0.3008,0.2219,0.3019,0.4371,0.0695,0.1522,0.3032,0.3806,0.221,0.2195,0.5893,0.2361,0.2213,0.2233,0,0.2192,0.2952,0.1485,0.3029,0.2273,0.2231,0.075,0.1551,0.1548,0.0745,0.0773,0.2164,0.0727,0.3009,0.1511,0.1535,0.3727,0.1544,0.2228,0.4401,0.1546,0,0.0723,0.0769,0.2981,0,0.2226,0.3726,0,0.3056,0,0.3064,0.2351,0.2206,0,0.2222,0.0715,0.2249,0.0783,0,0.3131,0.0736,0.2277,0.153,0,0,0,0,0,0.0728,0.0709,0.5159,0.0731,0.0776,0.0776,0.0726,0,0.0736,0,0,0.0797,0.222,0,0.228,0.0701,0.1478,0.1517,0.1475,0.3032,0.3008,0.1524,0.1472,0.0795,0,0.072,0,0.1503,0.0773,0.0719,0,0.3008,0.3713,0.0713,0.2191,0.0749,0.0769,0.1426,0.0797,0,0.0761,0.1533,0,0,0.0789,0.0772,0.2302,0,0,0.1493,0.1469,0.0727,0.3003,0.1531,0,0,0.0757,0.2209,0,0.0692,0.2254,0.0753,0,0.1533,0.1459,0.2221,0.2283
23.189,11.021,25.1,21.606,5.0171,6.5432,7.3834,12.954,6.774,7.8345,7.7659,6.4054,0,7.7064,3.5263,4.5857,12.859,2.171,5.7192,2.5039,2.0255,1.1121,1.416,2.5919,1.3122,2.6803,1.7327,1.6994,1.3947,1.7255,0.9095,0.8197,2.2638,1.0259,1.2171,1.231,1.8992,0.9161,0.6143,1.2267,1.4191,2.4806,1.4147,0.3146,1.1306,1.1941,1.6112,0.6172,0.9192,1.6323,1.6318,1.788,0.9043,0.9268,1.0332,0.7129,0.8247,0.6089,0.3025,0.4173,1.3256,0.5173,1.594,0.6186,0.4051,1.0101,0.3195,0.2044,1.6143,0.413,0.2142,0.9184,0.6104,0.2098,0.9197,0.4168,1.6086,0.6175,1.5218,2.2063,0.8267,0.5257,0.6129,0.4193,0.7086,0.6159,0.6276,0.2062,1.1444,0.2085,0.6999,0.5093,0.7113,0.8268,0.1089,1.0183,0.6114,0.4121,0.2031,1.1171,0.4075,0.3136,0.5101,0.3062,0.5217,0.3086,0.203,0.3054,0.3108,0.6113,0.2041,0.8153,0.4239,0.3089,0.4063,0.6099,0.1016,0.2136,0.4179,0.5146,0.3111,0.3052,0.8102,0.3133,0.3065,0.3053,0,0.3101,0.4118,0.2091,0.4086,0.313,0.3186,0.1007,0.1992,0.2147,0.1027,0.1019,0.3105,0.1023,0.4111,0.209,0.2104,0.5101,0.2096,0.3098,0.6192,0.2128,0,0.0999,0.1002,0.414,0,0.3078,0.5044,0,0.4027,0,0.4135,0.3155,0.3127,0,0.2943,0.1048,0.3076,0.1069,0,0.4244,0.1012,0.3157,0.2107,0,0,0,0,0,0.1009,0.1041,0.707,0.1022,0.1036,0.1012,0.1015,0,0.1046,0,0,0.1058,0.3165,0,0.3185,0.1102,0.199,0.2052,0.199,0.4101,0.4172,0.2127,0.2071,0.1039,0,0.1061,0,0.2037,0.1069,0.0988,0,0.4184,0.5216,0.1005,0.312,0.0926,0.1021,0.197,0.1079,0,0.0989,0.2025,0,0,0.1046,0.1075,0.3048,0,0,0.203,0.2137,0.1031,0.4126,0.2053,0,0,0.1016,0.303,0,0.1057,0.3136,0.1079,0,0.2057,0.2055,0.3161,0.3041
20.318,9.6561,21.95,18.899,4.4154,5.7368,6.4767,11.297,5.9503,6.8573,6.799,5.6268,7.7064,0,3.104,4.0156,11.274,1.9318,4.9838,2.1829,1.778,0.9832,1.2374,2.2634,1.1604,2.3685,1.5008,1.5033,1.2356,1.5136,0.8017,0.7239,1.9823,0.8932,1.0757,1.0677,1.6729,0.8062,0.5454,1.0809,1.2258,2.1826,1.2295,0.2657,0.9849,1.0635,1.4289,0.5271,0.8047,1.4147,1.4092,1.5722,0.8163,0.8072,0.9095,0.6278,0.7057,0.526,0.2748,0.3635,1.1656,0.4502,1.4297,0.5507,0.3624,0.896,0.2744,0.1909,1.4159,0.3637,0.1807,0.8077,0.538,0.1819,0.8011,0.3565,1.4286,0.5479,1.3331,1.939,0.7201,0.4649,0.5387,0.3732,0.6259,0.5325,0.5344,0.1781,0.9721,0.1785,0.6297,0.4512,0.6292,0.7046,0.0904,0.8899,0.5425,0.3638,0.1746,0.9986,0.3684,0.2644,0.4489,0.2595,0.4515,0.2714,0.1771,0.2749,0.2739,0.5372,0.1766,0.7173,0.3595,0.2677,0.3595,0.5323,0.0912,0.1858,0.3642,0.4523,0.2631,0.2726,0.7183,0.2696,0.2681,0.2813,0,0.2734,0.3511,0.1793,0.3665,0.2796,0.2831,0.0983,0.1763,0.1795,0.0874,0.0899,0.2742,0.0901,0.3649,0.1874,0.1831,0.4587,0.1852,0.2726,0.5477,0.1807,0,0.0824,0.0945,0.3669,0,0.2692,0.4562,0,0.3544,0,0.3662,0.2799,0.2686,0,0.2643,0.0922,0.2673,0.0876,0,0.3657,0.0906,0.27,0.1847,0,0,0,0,0,0.0904,0.0917,0.6349,0.0932,0.0883,0.0958,0.0871,0,0.0945,0,0,0.0956,0.275,0,0.2756,0.0969,0.1762,0.1823,0.1796,0.361,0.3633,0.1811,0.1764,0.0914,0,0.0892,0,0.1772,0.0942,0.087,0,0.3637,0.4567,0.0926,0.28,0.0895,0.0929,0.1854,0.0951,0,0.0911,0.1829,0,0,0.0872,0.0892,0.2696,0,0,0.182,0.1876,0.0962,0.3673,0.1846,0,0,0.0918,0.2684,0,0.0886,0.2709,0.0915,0,0.1822,0.1809,0.27,0.2765
9.1194,4.3775,9.8148,8.477,1.9878,2.6277,2.9494,5.14,2.7155,3.1204,3.0885,2.5542,3.5263,3.104,0,1.8512,5.1074,0.8918,2.2979,1.0068,0.8066,0.4527,0.5651,1.0328,0.532,1.0825,0.68,0.6865,0.5572,0.6964,0.3647,0.3274,0.9179,0.4103,0.4856,0.4819,0.7685,0.3678,0.2524,0.4948,0.5649,0.9963,0.5686,0.1181,0.4542,0.48,0.6531,0.2425,0.3789,0.6482,0.6446,0.7162,0.3673,0.3688,0.4086,0.2927,0.327,0.2446,0.1221,0.1733,0.5426,0.2073,0.665,0.254,0.1668,0.417,0.13,0.0825,0.6497,0.1662,0.0834,0.372,0.248,0.0813,0.3715,0.1663,0.6456,0.2495,0.6009,0.8841,0.3401,0.2018,0.2478,0.1712,0.2826,0.2412,0.2522,0.0757,0.4584,0.0834,0.2898,0.2088,0.2968,0.3341,0.0416,0.416,0.2493,0.17,0.0822,0.4502,0.163,0.1285,0.2114,0.1255,0.2007,0.1272,0.0803,0.1187,0.1268,0.2461,0.0805,0.3331,0.1661,0.1231,0.1683,0.2374,0.0411,0.0837,0.1672,0.2072,0.124,0.1227,0.3268,0.1253,0.1286,0.1262,0,0.1266,0.1668,0.0821,0.1664,0.1232,0.13,0.0431,0.0804,0.0866,0.0413,0.0413,0.122,0.0411,0.1699,0.0815,0.0814,0.2056,0.0854,0.1227,0.2454,0.084,0,0.0418,0.0409,0.1687,0,0.1238,0.2055,0,0.1611,0,0.1669,0.1326,0.1205,0,0.1167,0.0449,0.1219,0.041,0,0.1749,0.0412,0.1217,0.0875,0,0,0,0,0,0.0413,0.0417,0.2901,0.0431,0.0437,0.0414,0.042,0,0.0384,0,0,0.043,0.1214,0,0.1229,0.042,0.0828,0.0817,0.0832,0.1635,0.1672,0.0832,0.0804,0.0402,0,0.0396,0,0.081,0.0446,0.0407,0,0.1675,0.2106,0.0398,0.1273,0.0398,0.042,0.0814,0.0418,0,0.0387,0.0867,0,0,0.0415,0.0441,0.1298,0,0,0.0781,0.0841,0.0396,0.1626,0.0806,0,0,0.0396,0.1218,0,0.04,0.1312,0.0397,0,0.0863,0.0841,0.1224,0.1292
11.907,5.7245,12.861,11.094,2.6075,3.403,3.8466,6.6919,3.5207,4.0893,4.0465,3.2969,4.5857,4.0156,1.8512,0,6.6767,1.1297,2.969,1.2965,1.0543,0.5725,0.7253,1.3661,0.6667,1.394,0.8909,0.8948,0.7545,0.9099,0.492,0.4239,1.1768,0.5391,0.6381,0.6495,1.0182,0.469,0.3175,0.6358,0.7448,1.2837,0.7264,0.165,0.5956,0.6258,0.8394,0.3219,0.4768,0.8528,0.8275,0.9261,0.4817,0.4848,0.5363,0.3773,0.4218,0.322,0.1591,0.2155,0.6838,0.2737,0.8462,0.3204,0.2226,0.5395,0.1706,0.105,0.8438,0.2216,0.1103,0.4826,0.3345,0.1088,0.4844,0.2225,0.8373,0.317,0.8059,1.1502,0.4278,0.272,0.331,0.2193,0.3726,0.3244,0.3267,0.0989,0.5902,0.112,0.3777,0.2612,0.3726,0.4223,0.0524,0.5336,0.3191,0.2118,0.1017,0.5928,0.2187,0.1557,0.263,0.1653,0.2627,0.1613,0.1044,0.1519,0.1595,0.3196,0.1076,0.4157,0.218,0.1609,0.211,0.3224,0.0545,0.1109,0.2178,0.2687,0.1594,0.169,0.4265,0.1625,0.159,0.165,0,0.1611,0.2137,0.1017,0.2144,0.1624,0.1616,0.0587,0.1041,0.1119,0.0553,0.0504,0.1644,0.0533,0.2195,0.1043,0.1077,0.269,0.1078,0.1629,0.3238,0.106,0,0.0518,0.0507,0.2111,0,0.1637,0.2711,0,0.2124,0,0.2135,0.1616,0.1602,0,0.1551,0.0562,0.1659,0.0506,0,0.2181,0.0545,0.1618,0.1104,0,0,0,0,0,0.0541,0.054,0.366,0.0529,0.0523,0.0539,0.0538,0,0.0555,0,0,0.0546,0.162,0,0.1638,0.053,0.1092,0.1087,0.1059,0.2093,0.2133,0.1051,0.1027,0.0552,0,0.0533,0,0.1087,0.0538,0.0545,0,0.2252,0.2709,0.0569,0.1623,0.0514,0.0545,0.1107,0.0565,0,0.0532,0.1116,0,0,0.056,0.0525,0.1599,0,0,0.1086,0.108,0.0532,0.205,0.1054,0,0,0.054,0.1664,0,0.0563,0.1638,0.054,0,0.1086,0.11,0.1574,0.1666
34.47,16.113,37.175,32.013,7.319,9.5559,10.812,18.978,9.8776,11.44,11.278,9.3378,12.859,11.274,5.1074,6.6767,0,3.173,8.3298,3.6137,2.9203,1.64,2.0437,3.7937,1.9066,3.8985,2.4819,2.4868,2.0711,2.5115,1.3448,1.1906,3.2888,1.4828,1.7685,1.7939,2.781,1.3219,0.8793,1.7773,2.043,3.6183,2.0765,0.4452,1.6393,1.7481,2.3464,0.8914,1.3502,2.3549,2.3426,2.623,1.3312,1.3241,1.4952,1.0473,1.1671,0.8836,0.4562,0.5936,1.9336,0.7408,2.3397,0.8835,0.5902,1.4776,0.4472,0.3126,2.3468,0.5845,0.3052,1.3385,0.8948,0.2982,1.331,0.6129,2.342,0.886,2.2063,3.1671,1.1932,0.745,0.875,0.6123,1.0483,0.8982,0.8905,0.2929,1.6308,0.3042,1.0303,0.7385,1.0417,1.1897,0.153,1.5009,0.8918,0.5925,0.2943,1.6183,0.5976,0.4499,0.7385,0.4498,0.7507,0.4455,0.3045,0.4509,0.4485,0.8932,0.2978,1.1853,0.5938,0.4489,0.5972,0.8784,0.1486,0.3053,0.6057,0.7482,0.4412,0.4418,1.1962,0.4584,0.44,0.4521,0,0.444,0.5876,0.3069,0.5979,0.46,0.4561,0.1557,0.2932,0.3117,0.1462,0.1573,0.4517,0.1492,0.5984,0.2974,0.2917,0.7446,0.3114,0.4444,0.8953,0.3019,0,0.153,0.1504,0.6029,0,0.4472,0.7607,0,0.5914,0,0.5938,0.4562,0.4559,0,0.4486,0.1469,0.443,0.1476,0,0.6076,0.1436,0.4572,0.3037,0,0,0,0,0,0.1459,0.1482,1.0367,0.1476,0.1501,0.155,0.1542,0,0.1526,0,0,0.1476,0.452,0,0.4466,0.153,0.3027,0.2943,0.3006,0.5984,0.5802,0.2934,0.2999,0.1499,0,0.1465,0,0.3,0.1497,0.1463,0,0.6099,0.7491,0.1503,0.438,0.1412,0.1591,0.2908,0.1507,0,0.1493,0.3039,0,0,0.1508,0.1525,0.4465,0,0,0.2932,0.3015,0.1457,0.5946,0.3015,0,0,0.1475,0.4442,0,0.1552,0.4522,0.1454,0,0.3049,0.3082,0.454,0.4652
5.6376,2.7339,6.061,5.279,1.2588,1.6289,1.829,3.2043,1.6852,1.9402,1.9258,1.602,2.171,1.9318,0.8918,1.1297,3.173,0,1.4326,0.6254,0.5099,0.282,0.3512,0.6387,0.326,0.677,0.4268,0.4254,0.3589,0.4383,0.2306,0.2069,0.5719,0.2635,0.3053,0.3088,0.4717,0.2277,0.1584,0.2967,0.3468,0.6312,0.3576,0.072,0.2857,0.2992,0.4026,0.1546,0.2385,0.4051,0.4079,0.4462,0.231,0.2265,0.2594,0.1764,0.214,0.1567,0.0817,0.1021,0.3245,0.1329,0.4155,0.1564,0.1093,0.2527,0.0773,0.0536,0.4062,0.1077,0.0536,0.2392,0.153,0.0534,0.2385,0.1045,0.404,0.1561,0.3802,0.5452,0.2063,0.1309,0.1606,0.1029,0.1815,0.1523,0.1512,0.0527,0.2843,0.0511,0.1857,0.1299,0.1698,0.2033,0.028,0.2538,0.1541,0.1056,0.0542,0.2857,0.1017,0.0755,0.124,0.0771,0.125,0.0734,0.0523,0.0764,0.0746,0.1467,0.0502,0.2097,0.1023,0.0782,0.1072,0.1595,0.0313,0.0529,0.1024,0.1223,0.0763,0.0757,0.209,0.0769,0.0762,0.0792,0,0.0826,0.1029,0.0549,0.1043,0.075,0.0807,0.0256,0.0512,0.0514,0.0273,0.0263,0.0807,0.0299,0.1059,0.0533,0.052,0.1376,0.0529,0.079,0.1492,0.0531,0,0.0266,0.0257,0.1015,0,0.0792,0.1348,0,0.1029,0,0.0964,0.0857,0.0748,0,0.0785,0.0249,0.0794,0.0276,0,0.1017,0.0297,0.0761,0.0529,0,0,0,0,0,0.0298,0.0243,0.1844,0.0274,0.0268,0.0246,0.0261,0,0.0263,0,0,0.0264,0.0794,0,0.0755,0.0269,0.054,0.0491,0.0517,0.1011,0.106,0.0539,0.047,0.0263,0,0.026,0,0.0499,0.0274,0.0262,0,0.109,0.1277,0.0233,0.074,0.0262,0.0238,0.0472,0.028,0,0.0243,0.054,0,0,0.0239,0.0246,0.0767,0,0,0.0519,0.0527,0.0272,0.1008,0.0496,0,0,0.0257,0.0773,0,0.0267,0.0838,0.0277,0,0.0531,0.0509,0.0764,0.084
14.852,7.1132,16.053,13.823,3.2737,4.2544,4.8051,8.3223,4.3554,5.0794,4.9877,4.1126,5.7192,4.9838,2.2979,2.969,8.3298,1.4326,0,1.6,1.3068,0.7335,0.9091,1.6762,0.846,1.7463,1.0951,1.1069,0.9199,1.1168,0.5994,0.5292,1.4617,0.6677,0.7797,0.7951,1.2525,0.5993,0.4009,0.7964,0.9079,1.6148,0.9168,0.1976,0.7446,0.7775,1.048,0.3908,0.6091,1.0481,1.0453,1.1587,0.6012,0.5979,0.6751,0.4759,0.5387,0.3982,0.2033,0.2658,0.8621,0.3355,1.0476,0.3989,0.2588,0.6767,0.2107,0.1319,1.0361,0.2671,0.1357,0.602,0.3951,0.134,0.5934,0.2702,1.0347,0.4001,0.9849,1.4254,0.5249,0.3336,0.4001,0.2714,0.4566,0.4009,0.4045,0.1339,0.7383,0.1381,0.4635,0.3448,0.4544,0.5334,0.0699,0.6669,0.3979,0.2608,0.1347,0.7381,0.2677,0.1966,0.3329,0.2008,0.3336,0.2006,0.1372,0.1924,0.1977,0.404,0.1244,0.5333,0.2794,0.2023,0.2635,0.3996,0.0625,0.138,0.2676,0.3363,0.1971,0.197,0.5187,0.2008,0.1988,0.1986,0,0.204,0.2674,0.1328,0.2698,0.2021,0.1987,0.0681,0.1321,0.1354,0.0629,0.0704,0.2028,0.0651,0.2614,0.1345,0.1373,0.3362,0.1382,0.1944,0.398,0.1341,0,0.0691,0.0728,0.2686,0,0.1983,0.3267,0,0.2671,0,0.269,0.1996,0.2055,0,0.2009,0.068,0.2004,0.0652,0,0.2777,0.0633,0.2024,0.138,0,0,0,0,0,0.0662,0.0711,0.4575,0.0715,0.0677,0.0679,0.0657,0,0.0691,0,0,0.069,0.2007,0,0.2056,0.0705,0.1322,0.1284,0.1337,0.2703,0.2747,0.1265,0.1294,0.0707,0,0.0667,0,0.1351,0.0666,0.0645,0,0.2733,0.3338,0.0694,0.1933,0.0655,0.0701,0.1283,0.0656,0,0.0677,0.1379,0,0,0.0673,0.0677,0.21,0,0,0.1382,0.1333,0.0673,0.2645,0.1373,0,0,0.0666,0.2044,0,0.068,0.2074,0.0649,0,0.1421,0.1336,0.2026,0.204
6.4484,3.1008,6.9367,5.958,1.4231,1.8488,2.1025,3.6385,1.9111,2.2291,2.214,1.8067,2.5039,2.1829,1.0068,1.2965,3.6137,0.6254,1.6,0,0.5738,0.3184,0.4052,0.7366,0.375,0.7767,0.4878,0.4794,0.3869,0.4842,0.2637,0.2337,0.6518,0.2893,0.3512,0.3423,0.5368,0.2635,0.1738,0.3471,0.405,0.7082,0.408,0.0901,0.3216,0.3402,0.459,0.1779,0.2617,0.4578,0.4504,0.5184,0.2646,0.2639,0.2946,0.2048,0.2327,0.1774,0.0855,0.1174,0.3717,0.1428,0.4643,0.1772,0.1202,0.2888,0.0873,0.0617,0.4651,0.1164,0.0625,0.2574,0.1755,0.0588,0.2567,0.1154,0.4623,0.1809,0.4304,0.6168,0.2257,0.1519,0.1693,0.115,0.2052,0.1761,0.1721,0.0578,0.3266,0.0597,0.2025,0.1445,0.2137,0.2309,0.0258,0.2867,0.1731,0.1236,0.0584,0.3094,0.1108,0.0887,0.1488,0.0876,0.1497,0.0851,0.0594,0.0859,0.0912,0.1776,0.0608,0.2326,0.1205,0.0832,0.1136,0.1775,0.0305,0.0625,0.1172,0.1415,0.0885,0.0892,0.2312,0.091,0.0919,0.0874,0,0.0908,0.1162,0.06,0.1228,0.084,0.0899,0.0291,0.056,0.0569,0.0283,0.0283,0.082,0.0295,0.1108,0.0579,0.0564,0.147,0.0579,0.0878,0.1832,0.0615,0,0.0303,0.0286,0.1154,0,0.0893,0.1528,0,0.1202,0,0.1146,0.0923,0.0876,0,0.0886,0.0261,0.0896,0.0303,0,0.1216,0.0286,0.0845,0.0617,0,0,0,0,0,0.0292,0.0321,0.205,0.0314,0.027,0.0294,0.0314,0,0.0306,0,0,0.0295,0.0888,0,0.0868,0.0314,0.0615,0.0586,0.0562,0.1157,0.1123,0.051,0.0592,0.0306,0,0.0292,0,0.0609,0.0328,0.0276,0,0.1247,0.1409,0.0282,0.0877,0.0277,0.0302,0.0562,0.029,0,0.0248,0.0618,0,0,0.031,0.0316,0.0838,0,0,0.0592,0.0611,0.0335,0.1177,0.0632,0,0,0.0304,0.0887,0,0.0311,0.0872,0.026,0,0.0586,0.0572,0.0884,0.0926
5.1735,2.516,5.5763,4.8257,1.1524,1.4915,1.7072,2.9211,1.5336,1.7917,1.7724,1.4493,2.0255,1.778,0.8066,1.0543,2.9203,0.5099,1.3068,0.5738,0,0.2651,0.33,0.5862,0.2969,0.6084,0.3872,0.3954,0.3212,0.4047,0.2089,0.1876,0.5181,0.2315,0.2756,0.2857,0.4529,0.2125,0.1426,0.2868,0.3312,0.5667,0.3302,0.0712,0.2602,0.2741,0.3749,0.1354,0.2113,0.3729,0.3791,0.4156,0.2191,0.2147,0.2436,0.1674,0.1948,0.1368,0.069,0.0974,0.3069,0.1164,0.3733,0.1364,0.0969,0.2378,0.073,0.0457,0.3712,0.0995,0.0514,0.2198,0.141,0.0458,0.215,0.0979,0.3714,0.1395,0.3579,0.5073,0.1898,0.1209,0.1462,0.0922,0.1602,0.1464,0.143,0.0459,0.2578,0.0479,0.163,0.1147,0.1669,0.1883,0.0245,0.2281,0.1396,0.0953,0.0529,0.2511,0.0944,0.0662,0.1193,0.0685,0.1139,0.0643,0.0463,0.0707,0.0709,0.1375,0.0474,0.1842,0.0923,0.0678,0.0942,0.1365,0.0229,0.0459,0.1009,0.1114,0.0718,0.0723,0.181,0.0722,0.0697,0.0713,0,0.0724,0.0965,0.0441,0.0932,0.0715,0.0723,0.0267,0.0494,0.0506,0.0262,0.0256,0.0682,0.0204,0.0894,0.0472,0.0482,0.1163,0.0476,0.0747,0.1444,0.0487,0,0.023,0.0226,0.1018,0,0.0726,0.1175,0,0.0977,0,0.0978,0.0735,0.0694,0,0.0727,0.025,0.0718,0.0223,0,0.0993,0.0232,0.0697,0.052,0,0,0,0,0,0.0228,0.0254,0.1678,0.026,0.0236,0.026,0.0245,0,0.028,0,0,0.0236,0.0753,0,0.077,0.0221,0.0525,0.0491,0.0466,0.0987,0.0932,0.0503,0.0451,0.0256,0,0.0217,0,0.0466,0.0262,0.0217,0,0.0934,0.1154,0.0241,0.0677,0.0242,0.0244,0.0466,0.0243,0,0.0258,0.0499,0,0,0.0258,0.0263,0.0699,0,0,0.0477,0.048,0.0272,0.0951,0.0444,0,0,0.0226,0.07,0,0.0237,0.0732,0.0248,0,0.0497,0.0473,0.0726,0.0773
2.8978,1.4162,3.1134,2.6931,0.6448,0.8429,0.9396,1.6384,0.8684,0.989,0.9821,0.8206,1.1121,0.9832,0.4527,0.5725,1.64,0.282,0.7335,0.3184,0.2651,0,0.1782,0.3302,0.1647,0.3445,0.2176,0.2205,0.1876,0.2233,0.1149,0.1073,0.3029,0.1326,0.1475,0.1576,0.2469,0.1115,0.0811,0.157,0.178,0.3262,0.1853,0.0375,0.1481,0.1551,0.2081,0.0832,0.1184,0.2112,0.2127,0.2405,0.1167,0.1152,0.1255,0.0931,0.1031,0.0841,0.0388,0.0556,0.171,0.0677,0.2104,0.0805,0.0544,0.1348,0.0405,0.0269,0.2022,0.0538,0.0288,0.1218,0.0835,0.0248,0.1225,0.0599,0.2128,0.0834,0.1972,0.2876,0.1084,0.0693,0.076,0.0579,0.0963,0.0818,0.0844,0.0279,0.1498,0.028,0.0885,0.0695,0.0917,0.1118,0.0133,0.1372,0.0826,0.0568,0.0257,0.1481,0.0535,0.0412,0.065,0.0401,0.0647,0.0418,0.0285,0.0388,0.0361,0.0784,0.0254,0.0991,0.0516,0.038,0.0534,0.0807,0.0111,0.027,0.0509,0.0662,0.0335,0.0406,0.1061,0.0404,0.035,0.0409,0,0.0394,0.0529,0.0285,0.0571,0.0429,0.0405,0.0116,0.0263,0.0266,0.013,0.0152,0.0423,0.0123,0.0554,0.0268,0.0267,0.069,0.0268,0.0406,0.0808,0.029,0,0.0136,0.0125,0.0544,0,0.0415,0.0713,0,0.0542,0,0.0511,0.0456,0.0411,0,0.0361,0.0123,0.0414,0.0132,0,0.0563,0.0165,0.0403,0.025,0,0,0,0,0,0.0121,0.0129,0.0941,0.0135,0.0144,0.012,0.013,0,0.0122,0,0,0.0138,0.0421,0,0.0422,0.0124,0.0243,0.0275,0.0269,0.0482,0.0502,0.0245,0.0252,0.0119,0,0.0121,0,0.0261,0.0144,0.0145,0,0.0524,0.0657,0.0128,0.0415,0.014,0.0119,0.0279,0.0149,0,0.0142,0.0281,0,0,0.0146,0.0154,0.0415,0,0,0.026,0.0278,0.0132,0.051,0.0269,0,0,0.0138,0.0406,0,0.0116,0.0413,0.0121,0,0.025,0.0259,0.044,0.0397
3.6091,1.7387,3.9191,3.3795,0.8037,1.0411,1.1793,2.0608,1.0878,1.2365,1.2434,1.0238,1.416,1.2374,0.5651,0.7253,2.0437,0.3512,0.9091,0.4052,0.33,0.1782,0,0.4154,0.2198,0.4234,0.2755,0.2729,0.2285,0.278,0.143,0.1309,0.3747,0.1667,0.2009,0.2033,0.2992,0.156,0.0969,0.2013,0.2256,0.4085,0.228,0.0471,0.1811,0.1982,0.2624,0.0971,0.1504,0.2666,0.2535,0.2836,0.1504,0.1492,0.1673,0.1142,0.1323,0.0988,0.0518,0.0681,0.2136,0.0837,0.26,0.0964,0.0663,0.1666,0.0488,0.037,0.266,0.0684,0.0328,0.1413,0.1034,0.0353,0.1502,0.0678,0.2506,0.1026,0.2421,0.3487,0.1352,0.0838,0.0981,0.0702,0.106,0.1027,0.1001,0.032,0.1768,0.0345,0.1155,0.0772,0.1189,0.1381,0.0171,0.1634,0.1016,0.0638,0.0346,0.1885,0.0678,0.0495,0.0836,0.0487,0.0802,0.0509,0.0343,0.0513,0.053,0.1032,0.0323,0.1296,0.064,0.0512,0.0652,0.1011,0.0172,0.0335,0.067,0.0844,0.0491,0.0492,0.1323,0.0555,0.0482,0.0515,0,0.048,0.0647,0.0316,0.068,0.0556,0.048,0.017,0.0313,0.036,0.0187,0.0154,0.0499,0.0155,0.0666,0.0316,0.034,0.0834,0.0341,0.0494,0.0987,0.0321,0,0.0182,0.0146,0.0635,0,0.0503,0.0861,0,0.0659,0,0.0658,0.0462,0.0479,0,0.0492,0.0175,0.0516,0.0168,0,0.0691,0.0175,0.0505,0.0323,0,0,0,0,0,0.0165,0.0163,0.1202,0.0172,0.0166,0.0164,0.0162,0,0.0157,0,0,0.0151,0.0506,0,0.0541,0.0176,0.0317,0.0335,0.0293,0.0706,0.0683,0.0334,0.0343,0.0171,0,0.0166,0,0.0336,0.016,0.0166,0,0.0684,0.0833,0.0146,0.0466,0.0154,0.0204,0.0308,0.0172,0,0.0161,0.0351,0,0,0.0177,0.0159,0.0533,0,0,0.0315,0.0327,0.0169,0.0667,0.035,0,0,0.017,0.0516,0,0.0159,0.0519,0.0162,0,0.0339,0.0345,0.0561,0.0494
6.6763,3.2187,7.2064,6.2204,1.4899,1.9209,2.2047,3.7595,2.0081,2.2975,2.2475,1.8788,2.5919,2.2634,1.0328,1.3661,3.7937,0.6387,1.6762,0.7366,0.5862,0.3302,0.4154,0,0.3881,0.792,0.5076,0.4896,0.4263,0.5087,0.2704,0.2484,0.6743,0.3011,0.3605,0.3595,0.5605,0.2692,0.1826,0.359,0.4196,0.7311,0.4229,0.0927,0.3351,0.3582,0.4759,0.1794,0.2746,0.4785,0.4706,0.5311,0.2711,0.2728,0.3027,0.2141,0.2445,0.1811,0.0906,0.1211,0.3811,0.1543,0.4775,0.1796,0.1207,0.3018,0.0966,0.0619,0.4815,0.1163,0.0613,0.278,0.1783,0.0571,0.2829,0.1257,0.4669,0.1874,0.4599,0.6462,0.2511,0.155,0.1911,0.1282,0.2165,0.1879,0.1875,0.063,0.3297,0.0656,0.2124,0.1535,0.2124,0.2502,0.0316,0.3012,0.1816,0.1256,0.0586,0.3231,0.1211,0.0961,0.1558,0.0951,0.1556,0.0921,0.0561,0.0992,0.0907,0.1745,0.0576,0.237,0.1249,0.0921,0.1207,0.1842,0.0304,0.0628,0.1264,0.1506,0.0879,0.0895,0.2499,0.0918,0.0886,0.099,0,0.0906,0.1244,0.0634,0.1261,0.0952,0.0974,0.0343,0.0644,0.0587,0.0289,0.0327,0.0896,0.0292,0.1166,0.0601,0.063,0.1546,0.064,0.0982,0.1855,0.0667,0,0.0285,0.0308,0.1216,0,0.091,0.1551,0,0.1198,0,0.1114,0.0972,0.0903,0,0.0907,0.0301,0.091,0.0325,0,0.1269,0.0298,0.0899,0.069,0,0,0,0,0,0.0288,0.0306,0.2105,0.0301,0.0288,0.0306,0.0295,0,0.0328,0,0,0.0286,0.092,0,0.0902,0.0316,0.0614,0.057,0.06,0.1178,0.1297,0.0598,0.0597,0.028,0,0.0277,0,0.0594,0.0303,0.0269,0,0.1172,0.1527,0.0269,0.0924,0.0277,0.0346,0.0609,0.0368,0,0.0309,0.0642,0,0,0.0321,0.0303,0.0919,0,0,0.0599,0.0594,0.0324,0.1201,0.061,0,0,0.0324,0.0929,0,0.0296,0.0935,0.0314,0,0.061,0.0602,0.0906,0.0932
3.3881,1.6349,3.6386,3.1415,0.743,0.9765,1.0901,1.9425,0.9997,1.1697,1.134,0.9458,1.3122,1.1604,0.532,0.6667,1.9066,0.326,0.846,0.375,0.2969,0.1647,0.2198,0.3881,0,0.4002,0.2442,0.2503,0.2113,0.2585,0.1332,0.1246,0.3368,0.1529,0.1821,0.1741,0.2836,0.1366,0.0916,0.1694,0.2113,0.3747,0.2167,0.0477,0.1675,0.1823,0.2555,0.0913,0.1346,0.2446,0.2531,0.2702,0.1348,0.1341,0.1573,0.105,0.122,0.0951,0.0468,0.0675,0.1991,0.082,0.2411,0.0925,0.0639,0.1544,0.0462,0.0327,0.2468,0.0645,0.0302,0.1424,0.0911,0.0304,0.1383,0.0664,0.2463,0.0913,0.2288,0.3257,0.1249,0.0808,0.094,0.0613,0.1119,0.0904,0.0916,0.0307,0.1654,0.0307,0.1076,0.0757,0.1125,0.1203,0.0153,0.1544,0.0911,0.0627,0.0291,0.1653,0.0604,0.0494,0.0762,0.0447,0.0783,0.0477,0.0305,0.0463,0.0473,0.0938,0.031,0.1249,0.058,0.0483,0.0625,0.0943,0.0159,0.0323,0.0615,0.0739,0.0422,0.0444,0.1247,0.0471,0.0476,0.0468,0,0.0442,0.058,0.0335,0.0573,0.048,0.0456,0.0175,0.0307,0.0284,0.0146,0.0151,0.0475,0.0159,0.0617,0.033,0.0325,0.0771,0.031,0.0481,0.0922,0.0294,0,0.0147,0.0143,0.0636,0,0.0453,0.0771,0,0.0616,0,0.059,0.0486,0.0428,0,0.0443,0.0154,0.0465,0.015,0,0.0639,0.0144,0.0459,0.0333,0,0,0,0,0,0.0168,0.0145,0.1036,0.0161,0.0157,0.0151,0.0143,0,0.0158,0,0,0.0172,0.0454,0,0.0478,0.018,0.0305,0.0291,0.0318,0.0583,0.0615,0.0313,0.034,0.0167,0,0.0127,0,0.033,0.0148,0.0139,0,0.0698,0.0793,0.0163,0.0453,0.0133,0.0146,0.0274,0.016,0,0.0146,0.0308,0,0,0.0155,0.0185,0.0463,0,0,0.0321,0.0317,0.0165,0.064,0.0301,0,0,0.0127,0.0451,0,0.0158,0.0493,0.0148,0,0.0354,0.0317,0.0494,0.0461
6.9087,3.3128,7.4346,6.4092,1.5288,1.9989,2.265,3.9241,2.0564,2.3698,2.3561,1.9502,2.6803,2.3685,1.0825,1.394,3.8985,0.677,1.7463,0.7767,0.6084,0.3445,0.4234,0.792,0.4002,0,0.5221,0.5239,0.4231,0.5247,0.2913,0.2567,0.6792,0.31,0.3662,0.3618,0.5832,0.2864,0.181,0.3816,0.4318,0.7511,0.4435,0.0972,0.3449,0.3704,0.5082,0.1937,0.2882,0.5013,0.4913,0.5421,0.2836,0.2857,0.3163,0.2242,0.2502,0.1852,0.0981,0.1323,0.4014,0.1588,0.4958,0.1899,0.1247,0.3092,0.0919,0.0623,0.4939,0.1269,0.0644,0.2805,0.1904,0.0598,0.282,0.1262,0.4928,0.1882,0.4849,0.6697,0.252,0.1572,0.1945,0.124,0.2124,0.1872,0.1967,0.0637,0.3402,0.0648,0.2234,0.1553,0.2246,0.2502,0.0337,0.3123,0.1896,0.1292,0.0635,0.3394,0.1275,0.0979,0.1527,0.0935,0.1546,0.0969,0.0619,0.0922,0.0979,0.1855,0.0647,0.2497,0.128,0.0943,0.1208,0.1878,0.0309,0.064,0.1274,0.153,0.0983,0.0942,0.2565,0.1005,0.0943,0.0965,0,0.0928,0.1219,0.062,0.128,0.095,0.0975,0.0302,0.0653,0.0628,0.0328,0.0349,0.091,0.0309,0.1313,0.0665,0.0615,0.1569,0.0696,0.0925,0.1977,0.0628,0,0.0285,0.0337,0.1248,0,0.0952,0.1531,0,0.1251,0,0.1264,0.0927,0.0938,0,0.0946,0.0328,0.0908,0.0306,0,0.1324,0.0297,0.0973,0.0624,0,0,0,0,0,0.032,0.0326,0.2122,0.0335,0.0282,0.0321,0.0315,0,0.0332,0,0,0.0309,0.0966,0,0.0946,0.0302,0.0644,0.0651,0.0569,0.1277,0.1272,0.0605,0.0632,0.0319,0,0.0303,0,0.0617,0.0297,0.0308,0,0.1256,0.1609,0.0298,0.0933,0.0274,0.0323,0.0598,0.0338,0,0.0349,0.0668,0,0,0.0296,0.0314,0.0924,0,0,0.0636,0.0658,0.0315,0.1304,0.0651,0,0,0.0323,0.0962,0,0.0353,0.095,0.0313,0,0.0656,0.0636,0.0931,0.0931
